59640
9944
3832
900
6147
2744
809
1004
4669
319
23365
355
153
558
3008
35367
59
6291
346
60
419
155
699
91
94
2402
16195
94
71
47
38
26
91
57
40
946
284
4579
14
188
63613
54
32
73
23
22
19
60
24
72
15
41
278
20
13
13
13
110
14
43
4619
46
16
77
9
16
18
10
557
38
21
10
12
11
10
268
123
8
22
14
11
19
15
11
9
8
11
15
9
9
8
11
9
9
29
10
22
9
6
9
10
14
7
11
12
9
6
12
7
11
8
23
15
5
6
7
23
35
8
8
21
11
6
10
8
9
10
16
5
7
5
16
41
11
6
10
8
11
17
6
7
6
6
8
8
6
5
6
8
13
7
7
11
34
5
21
8
8
7
8
6
6
5
26
5
23
7
9
7
5
7
6
6
5
27
6
14
10
11
7
4
46
6
7
27
15
5
44
4
7
4
5
5
10
12
4
7
5
4
3
5
4
4
5
5
4
6
8
4
4
4
5
20
9
4
7
5
7
11
6
8
8
5
18
5
6
21
6
13
19
4
5
4
6
7
5
16
6
6
6
6
5
7
7
4
5
4
38
23
4
4
19
4
5
5
4
7
6
4
4
2979
4
4
4
8
29
4
4
95
8
4
4
5
4
9
4
6
18
8
4
4
5
12
4
4
13
6
6
6
3
5
4
4
11
501
5
4
4
3
6
6
4
7
41253
6
5
14
6
3
6
5
5
3
5
4
6
5
6
4
4
4
4
7
8
5
6
3
3
3
14
4
6
3
3
3
3
5
5
23
14
3
3
5
3
5
7
5
7
15
4
6
5
14
3
10
4
6
4
3
13
3
5
3
3
4
3
8
3
3
3
5
1118
7
5
7
8
3
8
3
3
3
5
3
6
4
4
6
9
25
4
4
5
5
8
3
10
3
6
5
5
12
14
7
9
4
5
17
6
17
10
10
4
5
8
7
5
3
4
6
4
5
3
4
6
3
5
3
3
5
4
3
3
3
4
3
4
3
3
3
3
3
7
8
3
3
79
5
6
3
3
6
14
3
3
14
2
30
5
3
4
3
13
8
7
4
4
7
3
5
3
3
3
8
10
3
7
15
5
4
3
3
3
4
5
3
8
4
4
3
4
4
3
10
5
3
4
6
3
3
6
59635
9952
3824
898
6148
2740
812
997
4668
324
23369
358
156
564
3006
35364
59
6290
341
60
415
157
703
90
90
2397
16196
96
71
47
40
26
94
63
42
946
289
4582
14
190
63611
52
31
68
22
20
19
65
29
73
14
39
282
23
13
13
14
107
14
46
4618
45
16
77
9
16
18
10
552
41
22
11
12
10
10
273
121
9
23
13
12
16
17
11
9
8
11
15
9
10
9
11
10
8
25
11
23
9
6
10
10
16
7
13
12
9
6
12
7
10
6
18
16
6
6
8
24
31
7
9
21
14
7
11
7
8
10
17
5
8
5
16
42
10
6
11
6
9
18
6
7
7
6
8
8
7
6
6
7
12
6
6
12
35
5
21
7
9
6
7
7
5
5
25
5
23
7
7
6
5
6
6
6
5
29
6
14
10
9
7
4
47
7
6
30
15
5
44
4
5
4
5
5
11
12
4
5
5
4
3
5
6
4
5
5
4
7
7
4
4
4
6
20
9
4
6
6
7
12
6
9
6
4
18
6
5
22
7
13
19
4
6
4
5
6
5
20
5
6
6
5
5
7
6
4
5
4
36
27
5
4
17
4
4
4
4
6
5
4
4
2979
4
6
4
8
28
4
4
96
5
4
4
6
4
12
5
6
18
8
4
4
5
13
4
3
13
5
6
5
5
4
4
4
11
498
6
4
4
3
5
5
5
6
41254
4
4
18
7
3
6
5
4
3
5
4
6
5
6
4
5
3
5
5
10
4
4
4
3
3
12
3
5
3
3
3
3
3
3
4
25
13
3
3
4
3
4
6
3
6
17
4
7
6
13
3
9
3
6
3
3
13
3
4
3
3
4
3
6
3
3
5
5
1120
7
7
7
7
3
8
4
3
3
5
3
5
4
4
6
11
25
4
3
5
6
8
3
11
3
5
4
6
11
17
9
8
4
3
16
5
16
10
11
4
4
7
9
4
3
3
4
4
4
3
3
4
3
4
3
3
5
5
3
3
3
4
3
4
3
3
3
3
3
7
7
3
3
79
8
4
3
3
5
14
3
3
15
2
27
5
3
8
3
13
8
4
4
5
6
3
3
3
3
3
10
11
3
7
16
6
4
3
3
3
5
3
3
9
4
4
4
4
5
3
9
6
3
3
5
3
3
59648
9950
3829
900
6148
2744
813
998
4668
324
23362
357
155
560
3003
35370
60
6286
342
57
409
154
699
92
94
2397
16194
93
71
46
42
26
90
63
42
951
288
4579
14
192
63611
56
30
71
22
21
17
64
27
71
15
42
282
23
13
13
13
106
10
12
47
4623
43
16
78
15
19
10
556
34
23
11
13
11
9
272
125
9
22
13
12
17
17
9
9
8
13
15
10
8
9
12
9
7
27
10
22
8
6
9
11
15
7
12
11
10
6
12
7
9
6
21
17
8
6
7
24
32
9
8
19
11
6
9
7
8
10
16
5
8
5
15
45
12
6
10
8
10
18
6
7
7
6
8
8
6
6
7
7
14
5
6
11
29
5
18
9
8
6
8
7
6
6
26
5
26
7
8
7
5
7
7
6
5
27
5
15
11
11
6
4
51
7
5
30
17
5
47
4
6
4
5
5
11
12
4
5
5
4
3
6
5
4
5
5
4
4
6
4
4
4
6
20
8
4
7
5
7
12
7
6
7
5
17
5
6
22
6
12
16
4
4
4
6
7
6
18
5
7
4
4
6
5
6
4
5
4
37
26
5
4
17
4
4
5
4
6
5
4
4
2979
4
5
4
9
26
4
4
92
8
4
4
6
4
10
3
7
18
8
6
4
4
11
5
5
12
4
6
6
4
4
4
3
11
495
6
4
4
3
6
6
4
6
41252
6
5
14
8
3
7
6
5
3
6
3
4
4
6
5
5
5
6
6
7
4
5
4
3
3
14
4
6
3
3
3
3
3
5
4
25
14
3
3
4
3
6
7
4
4
18
5
7
6
11
3
9
4
6
3
3
11
3
4
3
3
5
3
8
3
3
4
5
1115
6
6
6
7
3
8
3
3
3
6
3
7
4
5
6
11
25
4
2
6
6
7
3
10
3
6
6
5
12
14
9
9
4
5
18
5
17
9
11
4
5
9
10
4
3
4
7
5
4
3
3
5
3
4
3
3
6
5
3
3
3
4
3
4
3
3
3
3
3
6
8
3
3
76
5
5
3
3
5
16
3
3
16
2
27
4
3
5
3
12
9
5
4
5
4
3
3
3
3
3
11
12
3
7
14
7
4
3
3
3
4
3
3
8
4
3
3
4
6
3
9
5
3
5
4
3
3
59647
9965
3837
904
6151
2745
812
1003
4667
321
23368
356
158
565
3007
35367
59
6294
343
60
413
154
706
89
89
2395
16200
94
73
45
40
25
97
64
44
947
286
4582
14
187
63610
55
32
66
23
20
18
65
31
67
16
40
277
22
13
13
12
105
10
13
47
4612
45
16
78
14
16
9
551
36
25
11
12
11
10
272
119
9
22
13
11
18
17
11
9
8
11
14
10
9
9
12
10
7
29
10
22
8
6
9
8
15
7
12
10
8
6
12
7
9
7
21
15
7
6
8
23
33
9
8
19
12
5
11
7
8
10
15
5
9
5
17
39
11
6
10
7
10
17
6
6
7
6
8
8
8
5
8
7
13
5
7
11
33
5
21
7
8
7
7
6
6
6
23
5
24
6
8
6
5
7
7
6
5
30
5
15
9
12
7
4
50
6
7
25
14
5
44
4
6
4
5
5
12
13
4
5
5
4
3
7
5
4
4
4
4
5
6
4
4
4
5
19
8
4
8
6
6
11
7
7
7
5
19
6
4
23
7
14
18
4
6
4
6
8
6
18
6
8
5
5
4
7
5
4
4
4
32
23
5
4
19
4
5
5
4
5
6
4
4
2975
4
4
4
8
31
4
4
89
9
4
4
5
4
12
3
8
17
8
6
4
6
13
3
4
13
4
5
7
4
4
5
4
13
497
6
5
4
3
5
6
4
4
41248
5
4
17
7
3
6
4
6
3
5
3
6
5
6
5
6
4
5
7
7
4
5
4
3
3
15
4
6
3
3
3
3
3
3
5
24
13
3
3
3
3
5
8
3
4
14
4
7
7
12
3
9
4
6
3
3
14
3
3
3
3
4
3
7
3
3
3
5
1120
7
7
7
7
3
7
4
3
3
5
3
5
3
3
7
8
26
5
5
6
6
7
3
11
3
4
4
4
11
16
8
6
5
3
17
6
18
10
11
4
5
9
11
6
3
4
7
6
5
3
3
4
3
4
3
3
5
3
3
4
3
4
3
5
3
3
3
3
3
5
5
3
3
77
8
5
3
3
4
13
3
3
17
2
28
4
3
7
3
11
9
5
4
4
7
3
4
3
3
3
10
9
3
8
15
5
4
3
3
3
4
4
3
10
4
4
3
4
5
3
9
6
3
4
6
3
3
59669
9967
3833
901
6146
2748
810
1005
4670
321
23370
355
159
560
3002
35369
62
6287
347
59
416
154
704
85
91
2402
16199
93
70
44
41
26
92
57
39
947
286
4582
15
188
63613
55
32
68
23
19
20
64
30
70
14
38
281
22
13
13
13
109
10
13
45
4623
47
16
78
16
17
11
556
34
23
10
12
12
10
268
122
8
20
15
11
17
18
11
9
8
11
14
9
8
7
11
9
10
29
11
22
9
6
10
9
16
7
13
11
9
6
13
7
9
6
24
16
6
6
6
24
31
8
7
18
13
7
11
6
7
10
15
5
8
5
18
43
12
6
11
8
10
18
6
6
7
6
9
8
8
4
6
7
13
7
7
12
33
5
23
10
8
6
6
6
7
6
25
5
25
8
9
6
5
5
6
6
5
28
6
16
10
9
6
5
54
6
5
27
15
5
40
4
5
4
5
5
11
12
4
6
4
4
3
6
5
4
5
4
4
4
6
4
4
4
6
19
7
4
8
6
7
12
8
9
7
5
17
7
4
21
5
13
20
4
6
4
6
7
6
20
6
8
5
5
5
5
5
4
6
4
37
26
5
4
19
4
5
6
4
6
5
4
4
2978
4
6
4
8
23
4
4
95
6
4
4
5
4
12
3
7
19
8
4
5
3
11
3
4
11
5
6
7
3
4
3
4
13
498
7
4
4
3
4
6
4
5
41259
5
4
17
7
3
6
5
5
3
6
4
4
5
6
4
7
5
5
6
9
4
6
4
3
3
13
5
8
3
3
3
3
3
5
3
24
13
3
3
4
3
6
7
4
3
17
3
7
6
15
3
9
5
5
5
3
12
3
3
3
3
5
3
7
3
3
4
5
1114
7
5
8
7
3
7
4
3
3
5
3
6
3
4
6
8
24
4
3
5
5
7
3
11
3
5
5
5
14
16
8
7
4
4
18
6
15
9
9
4
5
9
8
5
3
3
4
6
4
3
5
6
3
3
3
3
6
4
3
3
4
3
4
3
3
3
3
3
7
6
3
3
77
7
6
3
3
5
15
3
3
13
2
27
3
3
8
3
12
8
6
4
5
6
3
5
3
3
3
9
11
3
8
16
6
4
3
3
3
4
4
3
8
4
4
4
4
6
3
9
5
3
5
5
3
3
6
59655
9980
3833
902
6151
2743
812
999
4675
320
23368
357
157
566
3010
35361
57
6290
341
62
409
155
701
91
90
2396
16204
90
74
48
41
26
94
58
39
944
287
4583
14
187
63614
59
34
69
22
19
19
60
27
72
15
43
282
21
13
12
14
108
9
12
42
4622
46
16
77
15
17
10
556
39
23
11
11
9
11
274
121
9
24
14
11
18
16
10
8
8
13
14
9
9
8
12
10
7
25
10
22
9
6
8
8
15
7
12
10
10
6
12
7
11
8
20
16
7
6
8
23
35
7
8
20
12
8
13
8
8
10
15
5
7
5
16
40
12
6
13
6
10
17
6
6
7
6
8
8
8
5
5
7
13
6
6
10
32
5
21
9
7
7
7
7
7
5
26
5
26
7
7
5
5
6
8
6
5
29
6
15
10
10
7
4
51
7
6
25
13
5
44
4
6
4
5
5
10
12
4
6
6
4
3
7
5
5
4
4
4
6
6
4
4
4
6
19
7
4
7
5
8
11
8
9
7
4
18
7
6
22
5
13
18
4
5
4
6
6
5
17
8
6
6
4
4
5
7
7
4
5
4
37
25
4
4
18
4
5
6
4
5
5
4
4
2981
4
5
4
8
30
4
4
91
9
4
4
6
4
11
5
7
16
7
4
4
4
12
4
4
10
5
6
7
4
5
5
4
3
11
498
7
4
4
3
5
7
4
5
41251
6
5
16
8
3
6
5
5
3
5
4
6
4
6
5
5
5
4
7
9
3
5
3
3
3
12
5
6
3
3
3
3
2
5
4
25
13
3
3
5
3
6
8
3
5
18
5
7
6
13
3
10
4
7
4
3
12
3
5
3
3
3
3
7
3
3
4
4
1118
7
6
7
7
3
7
4
3
3
4
6
3
4
7
8
26
5
4
7
6
8
3
13
3
6
4
4
14
15
9
5
4
3
17
7
16
11
10
4
5
7
11
6
3
4
4
4
6
3
4
4
3
4
3
3
6
3
3
3
4
3
4
3
3
3
3
3
7
6
3
3
74
7
5
3
3
5
16
3
3
15
2
25
5
3
8
3
11
7
6
3
5
7
3
5
3
3
3
9
11
3
8
17
5
4
3
3
3
4
4
3
8
4
4
4
4
5
3
9
4
3
5
4
3
3
59680
9975
3835
911
6153
2749
815
1000
4664
325
23372
355
155
568
3012
35372
61
6287
344
61
414
153
700
89
89
2402
16195
92
69
47
42
26
92
58
39
952
290
4587
15
192
63607
58
32
71
21
22
19
59
29
71
15
40
278
21
13
12
14
110
10
13
44
4618
47
16
77
15
18
10
555
36
22
11
12
9
10
267
118
9
21
14
11
19
17
9
9
8
10
14
10
8
9
12
9
8
23
10
22
8
6
9
8
16
7
14
10
9
6
12
7
8
7
17
17
6
6
6
26
35
8
8
21
13
8
12
7
8
9
19
5
9
5
16
44
10
6
10
7
11
20
6
6
7
6
7
9
7
6
5
8
15
7
7
11
36
5
23
8
8
8
7
6
6
6
25
5
23
7
8
6
5
7
6
5
5
29
6
15
9
9
7
4
50
7
7
26
15
5
41
4
5
4
5
5
11
12
4
5
5
4
3
6
5
5
5
6
4
6
7
4
4
4
4
6
19
8
4
7
6
6
11
8
7
6
4
19
5
4
22
5
13
19
4
5
4
5
7
5
18
6
8
5
4
4
5
7
5
4
6
4
35
26
5
4
20
4
4
5
4
7
6
4
4
2974
4
6
4
8
27
4
4
93
6
4
4
6
4
13
3
8
17
8
5
3
5
13
3
5
10
5
7
5
3
4
5
4
3
13
499
6
4
4
3
5
6
4
3
41248
5
3
16
7
3
7
5
4
3
6
5
5
5
6
5
5
4
5
7
11
5
5
4
3
3
12
3
6
3
3
3
3
3
4
4
23
12
3
3
4
3
5
8
3
5
17
5
6
6
13
3
8
4
5
4
3
12
3
4
3
3
3
3
6
3
3
5
3
1120
7
6
8
7
3
8
5
3
3
5
6
4
4
6
9
25
5
4
6
5
7
3
12
3
5
5
5
13
17
8
8
5
4
16
6
15
10
11
4
5
9
10
5
3
5
4
5
5
3
4
5
3
4
3
3
5
4
3
3
4
3
3
3
3
3
3
3
6
9
3
3
75
6
6
3
3
5
15
3
3
16
2
29
4
3
5
3
12
8
6
4
5
6
3
4
3
3
3
11
11
3
8
15
5
4
3
3
3
3
4
3
9
4
5
4
4
4
3
9
6
3
4
5
3
59661
9966
3831
903
6154
2750
815
1000
4667
321
23365
355
157
560
3011
35370
60
6289
343
56
413
154
696
89
93
2400
16208
95
70
46
39
26
94
64
41
949
289
4582
14
186
63606
56
30
19
69
22
20
64
30
68
14
44
282
22
13
12
14
109
10
12
48
4613
44
16
79
17
17
10
551
38
23
10
12
10
11
267
122
8
21
14
12
17
18
9
9
8
13
15
10
9
8
12
8
9
29
11
22
7
6
10
9
16
7
12
12
10
6
13
7
9
6
22
16
8
6
7
23
35
8
8
19
15
6
13
8
8
10
16
5
8
5
14
44
12
6
5
12
6
9
19
6
5
7
6
8
9
6
7
6
8
14
5
5
11
35
5
19
6
8
8
7
7
6
6
24
5
25
6
8
6
5
7
7
6
5
27
6
15
9
12
7
4
51
7
6
29
16
5
45
4
5
4
5
5
11
12
4
6
4
4
4
6
5
9
5
6
4
4
7
4
4
4
4
6
18
9
4
10
6
7
10
7
7
7
6
18
6
5
20
6
11
18
4
5
4
6
8
4
17
6
6
5
4
5
5
6
4
6
4
35
24
5
4
19
4
5
5
4
5
5
4
4
2976
4
5
4
8
29
4
4
93
7
4
4
5
4
11
3
7
18
8
5
5
4
11
4
3
14
5
6
5
5
3
4
3
3
13
500
6
4
4
3
4
6
4
4
41253
6
5
15
7
3
6
5
6
3
4
4
5
4
6
5
3
4
5
6
9
5
6
4
3
3
13
3
5
3
3
3
3
3
4
4
24
14
3
3
4
3
5
7
4
7
16
5
7
6
12
3
7
5
5
3
3
15
3
5
3
3
4
3
7
3
3
4
4
1117
7
6
8
8
3
8
4
3
4
3
5
5
5
4
6
11
26
4
4
6
4
8
3
11
3
5
5
5
13
14
7
6
4
4
18
6
18
10
10
4
5
9
9
5
3
4
4
5
5
3
4
5
3
5
3
3
5
3
3
3
4
3
5
3
3
3
3
3
6
9
3
3
80
4
6
3
3
5
14
3
3
13
2
23
5
3
6
3
13
8
7
4
4
8
3
3
3
3
3
7
9
3
8
14
5
4
3
3
3
3
4
3
10
4
3
3
4
5
3
9
6
3
4
6
59680
9989
3832
906
6154
2747
809
1000
4672
321
23373
358
155
556
3007
35370
60
6294
344
58
414
155
698
92
89
2393
16198
95
74
43
36
25
91
63
43
949
288
4586
14
190
63613
55
28
20
65
22
21
60
26
71
15
43
278
21
13
12
12
112
10
12
44
4619
46
16
78
15
17
11
554
40
22
10
12
11
10
271
125
10
23
14
11
16
18
10
9
8
11
14
10
10
10
11
9
8
26
10
21
7
6
9
10
16
7
12
10
9
6
11
7
8
6
17
15
7
6
8
25
34
8
8
19
14
7
9
6
8
10
18
5
8
5
3
17
38
9
6
5
10
9
9
17
6
7
7
6
9
8
7
6
5
7
13
6
6
11
33
5
17
9
9
6
6
6
5
6
25
5
25
6
9
7
5
8
7
7
5
29
7
16
9
12
7
5
48
7
6
23
15
5
41
4
6
4
5
5
12
12
4
5
4
4
6
5
9
5
5
4
7
6
4
4
4
4
7
20
9
4
9
6
7
11
7
8
7
5
16
7
5
23
5
13
18
4
5
4
6
7
5
16
6
8
5
4
5
5
7
4
5
4
36
26
6
4
18
4
6
5
4
6
4
4
4
2980
4
5
4
8
29
4
4
93
6
4
4
5
4
9
4
7
18
8
4
3
3
12
4
4
11
6
5
5
4
5
3
4
3
14
498
6
5
4
3
3
5
6
4
3
41255
4
5
16
7
3
7
4
4
3
5
4
4
5
6
6
3
3
4
6
11
4
4
4
3
3
14
4
6
3
3
3
3
3
4
3
26
15
3
3
3
3
6
7
3
5
16
3
7
7
14
3
10
4
7
4
3
13
3
4
3
3
4
3
8
3
3
4
4
1118
7
5
7
7
3
7
5
3
5
3
5
6
3
5
5
8
26
4
3
6
5
9
3
10
3
5
6
4
12
16
8
8
4
5
17
6
16
10
10
4
4
8
7
5
3
3
6
5
5
3
3
4
3
3
3
3
5
4
3
3
4
3
4
3
3
3
3
3
5
7
3
3
79
6
5
3
3
6
14
3
3
15
3
27
4
3
4
3
12
8
6
3
6
7
3
4
3
3
3
9
13
3
9
17
6
4
3
3
3
3
5
3
8
4
4
3
4
6
3
8
6
3
4
59680
9970
3837
908
6158
2748
813
1003
4662
317
23368
354
157
559
3008
35373
59
6291
345
58
412
153
700
89
91
2398
16206
91
74
49
37
26
94
61
41
947
284
4582
15
192
63604
55
27
21
68
22
29
19
58
67
15
41
278
21
13
14
12
113
10
14
47
4619
50
16
75
15
17
9
552
36
22
10
12
12
10
271
120
9
22
14
12
17
18
11
10
8
12
14
11
9
9
11
8
8
25
10
23
8
6
9
10
15
7
10
10
9
6
11
7
11
7
18
16
7
6
7
25
34
8
9
20
13
8
13
6
7
10
17
5
9
5
4
15
44
10
6
5
11
7
11
18
6
7
7
6
8
9
8
6
6
7
13
6
7
10
33
5
23
9
8
7
7
6
7
7
24
5
23
7
9
6
5
7
6
7
5
25
7
14
11
10
7
4
49
7
6
26
15
5
44
4
6
4
5
5
11
13
4
7
5
4
7
5
7
6
6
4
6
6
4
4
4
4
6
20
8
4
7
5
7
11
7
8
6
6
19
5
5
22
5
13
18
4
6
4
6
7
5
18
7
9
4
4
5
6
5
4
5
4
36
26
5
4
17
4
6
6
4
6
4
4
4
2973
4
4
4
9
26
4
4
94
9
4
4
6
4
10
4
7
17
8
4
4
3
12
3
4
14
5
5
6
3
3
5
4
3
10
497
6
4
4
3
3
5
6
5
5
41254
5
4
15
7
3
3
6
4
5
3
4
4
5
6
6
5
5
3
5
5
8
3
5
3
3
3
12
3
7
3
3
3
3
3
4
5
26
12
3
3
3
3
4
7
4
3
15
5
7
6
13
3
8
5
6
4
3
11
3
3
3
3
5
3
8
3
3
4
3
1121
7
7
7
7
3
9
4
3
4
3
5
6
4
5
7
9
25
4
4
6
6
9
3
12
3
5
4
5
13
14
8
8
3
5
16
6
18
10
10
4
6
8
11
6
3
5
5
5
5
3
3
5
3
4
3
3
5
4
3
3
4
3
4
3
3
3
3
3
6
9
3
3
73
7
5
3
3
5
15
3
3
16
2
29
4
3
5
3
11
8
7
4
5
6
3
4
3
3
3
9
11
3
8
16
7
4
3
3
3
4
5
3
9
4
5
4
4
4
3
9
5
3
59699
10003
3845
912
6161
2755
815
999
4666
327
23365
355
160
564
3007
35366
60
6292
344
62
417
156
699
87
93
2399
16198
94
74
39
48
27
91
60
41
947
288
4578
14
188
63612
59
27
20
71
22
25
21
64
68
15
38
278
20
13
13
13
112
10
13
47
4614
45
16
78
16
17
10
559
35
23
11
11
11
9
269
121
8
21
14
10
18
16
12
9
8
12
13
9
9
8
10
10
7
29
10
22
8
6
9
10
14
7
12
11
8
6
11
7
8
7
17
15
5
6
6
23
37
7
8
20
13
8
10
7
8
10
17
5
8
5
4
16
39
10
6
5
11
8
9
16
6
6
6
6
9
8
6
7
6
8
14
5
7
11
33
5
25
7
9
6
7
6
6
6
23
5
22
7
7
6
5
6
6
6
5
23
7
15
11
10
7
4
50
5
6
29
13
5
45
4
7
4
5
5
11
13
4
6
5
4
6
4
8
4
5
4
4
7
4
4
4
4
5
21
9
4
7
7
7
11
9
8
6
6
18
5
6
22
5
15
18
4
5
4
6
8
4
17
5
8
5
4
5
4
5
4
5
4
36
24
4
4
17
4
4
4
4
8
4
4
4
2981
4
5
4
8
25
4
4
89
8
4
4
7
4
10
5
7
17
8
5
4
4
12
3
4
12
5
6
7
5
5
4
4
3
14
495
5
3
4
2
3
5
7
4
5
41259
5
4
16
6
3
3
7
4
6
3
5
4
4
5
6
4
6
4
5
7
8
3
6
4
3
3
13
3
7
3
3
3
3
3
4
5
27
12
3
3
4
3
5
7
4
6
16
3
7
6
15
3
9
5
6
3
3
13
3
5
3
3
4
3
7
3
3
3
4
1120
7
7
8
7
3
9
4
3
5
3
4
5
3
4
5
10
28
4
3
7
5
8
3
11
3
6
5
4
15
16
8
7
3
5
16
5
16
10
11
4
6
8
9
6
3
4
4
5
5
3
4
6
3
4
3
3
5
3
3
3
4
3
4
3
3
3
3
3
5
6
3
3
77
5
5
3
3
5
14
3
3
16
2
26
5
3
6
3
13
7
8
4
6
5
3
4
3
3
3
9
9
3
8
15
5
4
3
3
3
4
4
3
8
4
4
4
4
4
3
8
5
3
59698
10005
3850
914
6165
2754
812
1001
4675
325
23367
359
157
563
3008
35368
61
6295
346
61
414
154
696
91
92
2397
16202
89
67
40
46
26
96
59
39
955
288
4588
14
188
63614
57
32
20
68
21
26
18
61
70
14
41
278
21
13
13
13
107
10
14
49
4618
42
16
77
16
16
9
558
39
22
11
12
10
10
275
122
9
21
15
12
18
17
9
9
8
12
15
9
10
7
10
9
8
27
10
22
9
6
10
9
15
7
11
11
8
6
13
7
10
7
21
18
6
6
6
23
32
8
8
21
12
7
13
7
9
9
17
5
8
5
4
15
39
11
6
5
11
7
9
18
6
5
7
6
9
8
8
5
7
8
16
6
6
10
32
5
19
9
8
8
7
6
6
7
22
5
24
7
8
5
5
5
8
5
5
26
5
15
10
10
7
4
49
6
7
26
13
5
45
4
6
4
5
5
11
11
4
5
5
4
5
5
9
4
5
5
4
7
6
4
4
4
4
6
19
7
4
8
7
7
10
9
10
7
5
18
6
5
19
6
13
20
4
5
4
6
7
6
18
6
8
5
4
5
5
5
4
5
4
36
25
5
4
18
4
5
5
4
7
5
4
4
2980
4
5
4
9
29
4
4
95
5
4
4
7
4
11
5
7
17
7
6
4
3
11
3
3
14
6
6
5
4
5
4
3
3
11
500
7
4
4
3
3
5
7
5
6
41250
4
4
16
7
3
3
5
4
5
3
5
5
5
5
6
5
7
4
6
6
10
3
5
4
3
3
12
4
5
3
3
3
3
3
5
3
26
13
3
3
4
3
6
7
4
6
16
5
7
6
12
3
7
3
5
4
3
14
3
5
3
3
4
3
6
3
3
4
4
1118
7
6
6
6
3
7
4
3
4
3
6
6
3
5
7
9
24
4
4
6
6
8
3
11
3
4
5
5
15
15
8
9
5
3
18
3
6
17
11
9
4
5
9
7
5
3
5
6
5
5
3
4
5
3
4
3
3
5
4
3
3
4
3
4
3
3
3
3
3
6
6
3
3
77
7
6
3
3
4
15
3
3
16
3
30
5
3
7
3
14
7
6
4
4
8
3
4
3
3
3
7
13
3
8
15
6
4
3
3
3
5
3
3
9
4
4
4
4
4
3
10
59730
10007
3846
915
6161
2756
816
1004
4670
326
23371
362
159
565
3013
35364
61
6288
341
59
413
152
698
90
87
2398
16203
91
72
37
43
26
93
61
43
947
288
4580
15
193
63606
55
30
20
66
21
28
19
62
70
15
41
282
21
12
13
12
106
10
13
49
4615
46
16
75
17
16
11
558
36
25
12
12
10
10
274
118
9
21
14
10
17
16
11
9
8
12
14
9
9
9
10
10
10
26
11
22
9
6
8
10
15
7
12
10
10
6
12
8
9
7
19
18
6
6
8
24
32
9
8
19
15
5
10
6
8
10
16
5
8
5
4
17
44
10
6
5
11
9
11
18
6
5
7
6
8
7
8
6
8
6
15
5
7
10
33
5
22
7
7
7
8
6
6
7
25
5
24
6
8
6
5
6
8
6
5
31
7
15
10
12
8
4
49
5
6
25
16
5
42
4
7
4
5
5
11
13
4
5
4
4
6
5
10
6
6
5
4
5
6
4
4
4
4
6
19
8
4
6
7
7
12
9
8
7
4
17
7
4
21
5
13
18
4
6
4
5
7
5
20
5
8
5
4
5
6
7
4
5
4
35
25
4
4
19
4
4
6
4
6
4
4
4
2979
4
5
4
9
25
4
4
91
7
4
4
6
4
10
4
7
19
8
4
5
5
12
3
3
13
5
5
6
4
4
3
3
3
10
499
5
5
4
3
3
6
5
3
5
41255
5
4
16
7
3
3
6
4
4
3
5
3
6
5
6
5
4
4
5
6
10
3
6
5
3
3
14
4
5
3
3
3
3
3
5
3
26
13
3
3
4
3
5
6
4
5
15
4
7
6
14
3
8
5
6
3
3
15
3
4
3
3
3
3
7
3
3
4
4
1119
7
6
7
7
3
7
4
3
4
3
6
6
4
3
6
8
26
5
4
6
4
7
3
11
3
5
5
5
13
16
8
7
4
5
19
3
6
17
11
10
4
5
9
10
5
3
4
5
5
5
3
4
4
3
4
3
3
4
4
3
3
4
3
4
3
3
3
3
3
6
8
3
3
79
7
6
3
3
5
15
3
3
16
2
26
4
3
6
3
14
7
7
4
5
5
3
5
3
3
3
9
11
3
8
16
5
4
3
3
3
5
4
3
10
4
4
4
4
5
3
8
59698
10021
3858
914
6157
2759
818
1005
4671
327
23373
360
158
561
3012
35359
61
6288
344
62
411
156
705
92
89
2399
16204
93
72
43
45
26
93
60
44
947
287
4584
14
189
63604
57
30
19
68
22
29
20
63
71
14
39
279
22
13
12
13
107
10
14
46
4615
48
16
77
14
16
10
557
34
24
12
13
10
11
272
125
9
23
13
10
16
17
10
9
8
13
15
10
8
10
12
9
7
25
10
21
9
6
9
10
15
7
11
11
10
6
12
7
9
6
20
17
6
6
7
24
36
8
8
7
21
13
6
11
6
7
11
18
5
9
5
4
18
44
11
6
5
12
7
10
17
6
6
7
6
7
8
8
5
6
7
14
7
11
30
5
18
8
7
7
8
6
6
6
26
5
24
7
8
5
5
6
6
5
5
28
6
14
10
10
7
4
50
6
6
27
15
5
44
4
6
4
5
5
11
12
4
6
4
4
5
4
8
6
5
5
4
4
8
4
4
4
4
7
22
7
4
7
6
7
12
8
7
6
5
19
5
5
21
6
12
16
4
5
4
6
7
4
17
7
7
6
4
5
5
6
4
5
4
33
23
5
4
18
4
5
4
4
5
4
4
4
2977
4
6
4
9
27
4
4
92
6
4
4
6
4
11
4
7
17
9
6
4
3
13
3
4
10
4
6
8
4
5
4
3
3
13
499
6
3
4
3
3
5
7
5
4
41255
6
4
16
8
3
3
6
5
4
3
5
3
6
6
6
4
5
3
4
7
10
4
6
5
3
3
13
3
4
3
3
3
3
3
4
4
23
12
3
3
5
3
5
6
4
4
15
4
7
6
12
3
8
3
6
3
3
14
3
5
3
3
4
3
7
3
3
3
3
1118
8
6
8
8
3
7
5
3
4
3
6
6
3
3
6
9
25
3
2
7
5
8
3
12
3
5
4
5
13
15
8
6
5
4
16
3
6
14
10
10
4
5
9
9
6
3
4
7
5
6
3
4
6
3
4
3
3
6
4
3
3
4
3
4
3
3
3
3
3
7
6
3
3
77
8
6
3
3
5
14
3
3
14
2
28
4
3
5
3
13
7
8
4
6
5
3
5
3
3
3
9
9
3
8
16
6
4
3
3
3
4
4
3
10
4
5
4
4
5
3
7
59721
10003
3844
909
6162
2758
815
1003
4671
324
23367
363
156
567
3009
35370
60
6298
344
60
417
155
707
90
91
2397
16201
90
73
40
45
26
97
63
42
949
287
4583
14
190
63607
52
33
19
69
22
28
19
63
68
15
42
277
22
14
12
14
109
10
13
48
4620
46
16
75
14
16
11
557
36
21
11
12
11
10
271
126
10
22
15
10
18
17
11
10
8
12
14
11
9
8
12
10
9
24
10
21
7
6
10
11
14
7
12
10
8
6
12
8
9
6
18
17
5
6
6
24
30
8
8
9
21
13
7
13
7
8
10
17
5
7
5
4
17
42
11
6
5
13
9
10
17
6
7
7
6
9
8
8
6
6
7
14
7
11
34
5
20
9
8
8
7
6
6
6
24
5
22
7
8
5
5
7
6
7
5
25
6
14
10
8
7
4
50
7
6
26
15
5
47
4
7
4
5
5
12
11
4
6
4
4
5
5
9
5
7
5
4
6
7
4
4
4
4
6
20
8
4
8
6
7
11
8
6
8
4
17
7
4
22
6
12
20
4
5
4
7
6
5
19
7
10
5
4
5
5
7
4
6
4
37
24
5
4
17
4
4
4
4
5
4
4
4
2982
4
5
4
9
27
4
4
90
5
4
4
5
4
10
5
6
18
9
5
5
4
11
5
5
13
5
6
6
4
3
4
4
3
3
13
504
6
4
4
3
3
5
6
5
5
41249
4
4
17
7
3
3
6
5
5
3
4
4
6
4
6
4
7
4
5
6
9
5
4
4
3
3
14
4
6
3
3
3
3
3
4
3
27
13
3
3
4
3
4
8
4
5
16
5
8
5
14
3
11
5
6
5
3
13
3
3
3
3
5
3
8
3
3
4
4
1117
6
5
6
7
3
9
3
3
4
3
5
6
3
5
7
7
27
4
4
5
4
9
3
12
3
6
5
5
13
16
7
7
3
3
18
3
7
16
10
10
4
4
8
11
5
3
3
5
4
5
3
4
5
3
3
3
3
5
4
3
3
4
3
3
3
3
3
3
3
6
5
3
3
74
5
5
3
3
5
15
3
3
17
2
23
5
3
6
3
12
8
6
3
5
7
3
4
3
3
3
8
10
3
9
16
7
4
3
3
3
3
4
3
10
4
4
3
4
6
3
59726
10017
3845
914
6158
2756
817
1010
4669
327
23370
359
161
561
3009
35368
60
6291
351
62
413
155
697
94
87
2395
16195
91
72
41
44
26
95
63
43
953
288
4583
15
191
63608
59
30
21
69
22
28
20
63
69
15
39
275
22
12
13
12
110
10
13
43
4621
46
16
75
16
17
10
560
34
23
11
12
9
10
275
121
9
22
14
12
17
19
12
8
8
12
14
10
9
9
11
10
7
26
11
21
9
6
9
11
15
7
12
11
10
6
13
7
9
6
20
16
6
6
8
23
30
8
8
9
20
13
8
11
7
8
10
18
5
9
5
4
15
43
9
6
5
10
8
9
18
6
7
7
6
8
8
6
7
8
7
13
7
11
33
5
19
7
8
7
6
6
7
5
22
5
25
8
9
6
5
5
8
6
5
24
7
15
10
12
8
4
47
6
7
30
14
5
44
4
5
4
5
5
12
12
4
6
5
4
5
5
7
5
4
4
4
6
5
4
4
5
4
7
19
8
4
9
6
8
11
8
8
7
6
19
7
6
23
7
13
17
4
6
4
6
8
6
18
6
10
5
4
5
6
5
4
5
4
36
24
6
4
18
4
5
6
4
5
5
4
4
2977
4
6
4
8
24
4
4
93
6
4
4
5
4
11
4
7
18
9
4
4
4
12
4
4
10
4
6
4
4
3
5
4
3
3
11
498
6
3
4
3
3
6
6
4
6
41246
4
5
17
8
3
3
6
6
5
3
5
3
6
4
6
5
4
5
5
7
10
4
4
3
3
3
13
3
8
3
3
3
3
3
3
4
25
13
3
3
4
3
6
8
4
7
15
3
8
5
15
3
9
4
5
4
3
11
3
5
3
3
4
3
6
3
3
3
4
1116
8
5
5
7
3
8
5
3
4
3
5
6
4
4
6
10
26
5
5
5
4
7
3
12
3
4
5
6
13
16
8
6
4
4
17
3
6
16
9
10
4
4
8
10
6
3
3
5
5
4
3
4
4
3
3
3
3
4
3
3
3
4
3
4
3
3
3
3
3
7
5
3
3
76
6
6
3
3
5
16
3
3
16
3
30
3
3
6
3
12
8
6
4
4
4
3
4
3
3
3
10
12
3
8
15
6
4
3
3
3
5
5
3
8
4
5
3
4
5
3
59723
10022
3851
917
6157
2756
819
1005
4670
322
23375
353
160
561
3006
35370
58
6286
344
60
410
157
698
94
91
2402
16197
92
69
43
45
26
89
59
43
14
948
289
4580
188
63615
56
28
19
70
22
26
20
62
67
15
39
281
21
14
12
13
109
10
13
46
4611
42
16
78
14
16
11
552
41
23
11
11
11
10
271
123
8
21
15
11
16
17
11
9
8
13
15
9
10
10
10
10
8
27
10
22
8
6
9
9
15
7
13
11
8
6
10
7
10
8
21
17
7
6
6
23
30
6
8
8
20
14
6
12
8
8
10
18
5
7
5
4
16
39
11
6
5
11
8
9
19
6
8
7
6
7
8
8
5
6
6
13
6
10
33
5
19
5
9
9
5
7
6
7
6
25
5
23
8
7
5
5
6
7
6
5
28
6
14
9
12
7
4
49
6
6
27
13
5
42
4
5
4
5
5
12
13
4
6
4
4
6
6
7
5
6
4
4
5
8
4
4
4
6
21
9
4
7
7
7
11
7
7
8
4
19
7
5
22
5
15
18
4
5
4
6
8
6
18
6
7
6
4
6
4
5
4
5
4
36
25
5
4
19
4
6
4
4
5
4
4
4
2977
4
6
4
8
27
4
4
93
8
4
4
7
4
12
4
7
18
8
5
4
5
13
4
6
11
6
6
8
4
3
3
4
4
3
3
10
501
6
4
4
3
3
6
6
5
4
41246
5
4
15
8
3
3
6
6
4
3
4
4
4
5
6
4
5
4
4
5
9
3
5
4
3
3
11
5
6
3
3
3
3
3
4
3
23
13
3
3
5
3
5
6
4
7
16
5
7
6
11
3
10
3
6
4
3
12
3
4
3
3
4
3
6
3
3
4
3
1115
7
7
9
6
3
8
4
3
5
3
5
6
4
4
6
9
26
5
3
6
4
9
3
13
3
6
6
5
11
15
8
8
5
5
17
3
6
15
10
11
4
5
7
7
4
3
4
4
5
5
3
4
4
4
4
3
3
5
4
3
3
4
3
3
3
3
3
3
3
5
6
3
3
73
5
4
3
3
6
17
3
3
16
2
26
3
3
6
3
12
8
4
3
5
8
3
4
3
3
3
9
9
3
8
18
5
4
3
3
3
5
4
3
10
4
3
4
4
5
59725
10033
3854
926
6157
2757
822
1004
4678
325
23372
353
160
561
3007
35372
62
6293
349
60
416
153
700
88
93
2397
16208
89
70
39
45
26
96
62
45
15
953
289
4584
188
63612
55
70
29
20
21
31
21
59
70
15
22
38
282
14
12
13
109
10
13
49
4613
50
16
78
16
18
9
555
36
22
11
12
11
11
273
120
8
24
14
10
19
18
10
9
8
12
14
9
8
10
11
8
9
27
11
23
9
6
8
8
15
7
12
12
9
6
13
7
10
8
17
16
7
6
7
24
33
8
9
7
21
14
7
10
6
7
10
15
5
8
5
4
16
42
12
6
5
10
6
9
18
6
6
7
6
8
9
7
6
7
7
14
7
11
33
5
22
5
8
7
6
6
6
6
6
23
5
23
8
8
6
5
7
7
7
5
24
7
15
10
10
6
5
49
6
7
27
14
5
43
4
6
4
5
5
12
11
4
6
5
4
6
6
7
5
6
5
4
7
7
4
4
4
7
20
8
4
7
5
7
10
9
10
6
4
19
7
5
23
6
15
19
4
4
4
7
8
6
18
8
9
4
4
4
5
6
5
4
4
4
36
26
6
4
19
4
5
5
4
6
5
4
4
2976
4
4
4
8
28
4
4
92
8
4
4
5
4
11
5
8
18
8
5
4
4
11
4
4
14
5
5
8
4
3
3
5
4
3
3
11
502
6
4
4
3
3
5
7
3
4
41254
4
5
17
6
3
3
5
5
6
3
5
4
5
5
6
5
3
4
6
6
9
5
5
3
3
3
14
3
6
3
3
3
3
3
4
4
23
15
3
3
5
3
6
7
4
3
15
4
6
6
14
3
8
3
6
5
3
14
3
4
3
3
4
3
7
3
3
3
4
1118
7
6
8
7
3
9
4
3
4
3
4
6
3
3
6
10
28
4
3
5
5
7
3
12
3
5
5
5
11
15
8
8
4
4
18
3
7
16
10
10
4
4
7
7
4
3
5
5
5
5
3
4
6
4
3
3
4
5
3
3
4
3
4
3
3
3
3
3
6
7
3
3
77
4
4
3
3
5
15
3
3
15
2
30
4
3
5
3
13
9
5
4
6
7
3
4
3
3
3
9
11
3
7
17
6
4
3
3
3
5
5
3
9
4
4
4
4
4
59735
10043
3867
926
6167
2764
822
1006
4671
325
23375
363
161
565
3009
35364
63
6287
348
59
416
153
704
89
91
2403
16197
90
68
40
48
27
94
42
61
15
948
287
4587
190
63613
57
69
34
20
22
32
19
62
72
14
23
38
280
12
13
13
110
10
12
46
4621
49
16
81
15
17
11
555
37
23
10
12
12
9
269
120
9
21
15
11
19
18
9
9
8
13
14
9
10
10
10
8
7
26
10
21
8
6
9
10
15
7
14
11
10
6
13
7
10
7
19
17
8
6
8
23
34
7
8
8
19
14
7
13
7
8
10
16
5
7
5
4
16
43
11
6
5
11
9
10
18
6
6
7
6
8
9
8
6
5
7
14
5
12
32
5
21
5
9
9
6
6
5
6
5
24
5
22
7
7
6
5
5
7
7
5
27
7
15
10
9
8
4
51
6
6
27
16
5
42
4
6
4
5
5
10
13
4
6
4
4
5
4
9
5
5
5
4
5
8
4
4
4
6
21
8
4
8
6
7
11
8
7
7
5
17
6
5
19
6
15
20
4
6
4
6
7
5
18
7
8
4
5
4
5
5
5
4
5
4
36
25
5
4
20
4
5
5
4
8
4
4
4
2973
4
6
4
7
28
4
4
93
7
4
4
6
4
9
4
8
16
8
5
4
5
12
3
4
12
5
7
6
4
3
3
5
4
3
3
12
497
6
4
4
3
3
5
6
4
3
41248
5
4
15
7
3
3
6
5
5
3
5
3
5
5
6
6
5
5
5
5
8
3
5
3
3
3
13
5
6
3
3
3
3
3
4
3
24
14
3
3
3
3
6
6
3
5
16
4
7
5
11
3
11
3
5
4
3
14
3
4
3
3
5
3
6
3
3
4
5
1121
7
7
7
7
3
7
4
3
4
3
5
7
4
4
6
9
25
4
3
7
5
7
3
12
3
5
5
4
14
17
9
6
5
4
18
3
7
15
10
11
4
4
8
10
5
3
5
6
4
5
3
3
5
5
3
3
5
4
3
3
4
3
5
3
3
3
3
3
6
8
3
3
79
5
5
3
3
5
15
3
3
17
2
29
5
3
5
3
12
7
7
4
6
8
3
5
3
3
3
9
11
3
8
15
5
4
3
3
3
4
5
3
9
4
5
4
4
5
59745
10048
3865
927
6161
2765
823
1001
4665
325
23371
358
158
564
3009
59
35377
6294
344
58
411
155
701
87
89
2400
16202
91
69
39
43
27
95
44
61
15
950
286
4579
189
63608
55
74
29
20
21
32
21
62
70
14
23
39
276
13
14
13
107
10
13
49
4624
47
16
77
16
18
9
561
40
21
11
12
11
10
272
122
10
21
13
12
18
18
11
8
8
13
14
10
8
7
10
8
7
30
11
22
8
6
10
10
14
7
11
11
8
6
14
7
9
7
19
17
8
6
7
26
33
7
8
8
19
15
5
12
7
7
9
16
5
8
5
4
16
42
10
6
5
11
6
10
19
6
7
6
6
8
8
7
7
7
7
16
5
10
29
5
25
5
10
8
6
7
6
6
7
25
5
24
7
7
7
5
7
6
5
5
24
5
15
10
9
7
4
50
6
4
6
29
16
5
42
4
5
4
5
5
10
12
4
5
6
4
6
4
9
4
7
5
4
6
8
4
4
4
7
19
8
4
9
6
7
11
7
10
6
5
17
6
6
22
6
13
20
4
6
4
6
7
5
18
7
10
4
5
4
5
6
5
4
4
4
40
24
5
4
20
4
5
4
4
6
5
4
4
2979
4
6
4
8
27
4
4
89
7
4
4
5
4
12
3
7
18
8
5
4
5
13
4
4
12
5
6
7
4
3
4
4
3
3
11
503
6
3
4
3
3
5
6
4
5
41247
6
4
15
7
3
3
6
4
6
3
5
5
5
4
6
5
6
4
6
6
8
5
6
4
3
3
14
4
7
3
3
3
3
3
4
5
25
12
3
3
4
3
5
7
4
7
18
4
6
6
13
3
11
4
5
3
3
14
3
5
3
4
3
6
3
3
4
4
1115
8
6
6
7
3
8
4
3
4
3
5
7
5
3
7
9
26
5
2
6
5
8
3
12
3
6
5
5
14
15
8
6
4
4
17
3
6
14
10
10
4
5
8
7
5
3
4
5
5
6
3
4
5
5
3
3
6
4
3
3
4
3
3
3
3
3
3
3
5
7
3
3
77
6
4
3
3
5
15
3
3
17
3
28
4
3
6
3
12
8
7
3
5
7
3
4
3
3
3
9
11
3
9
15
5
4
3
3
3
5
4
3
10
4
3
4
4
5
3
